     1    609     48


 1

     1      9     0.0000000000   1.000000000000     609.0000  ----
     2      6    -1.3892813486   0.249254367278     151.7959  ---A
     3      5    -1.8609958423   0.155517682147      94.7103  ---C
     4      6    -1.0121336484   0.363442692799     221.3366  ---T
     5     95    -1.7297024429   0.177337170053     107.9983  AAAA
     6      4    -4.8416659046   0.007893892620       4.8074  AAGA
     7      3    -5.6789060956   0.003417294593       2.0811  AATA
     8      1    -6.0658988928   0.002320671042       1.4133  ACTA
     9      7    -4.9642846795   0.006982943966       4.2526  AGAA
    10     10    -3.9611584713   0.019041043008      11.5960  AGGA
    11      4    -5.8845949875   0.002781972731       1.6942  ATAA
    12      1    -6.2988341187   0.001838446939       1.1196  ATGA
    13      4    -4.3213117229   0.013282449218       8.0890  ATTA
    14      4    -5.2861404989   0.005061256538       3.0823  CAAC
    15      2    -6.5074141924   0.001492333626       0.9088  CAGC
    16      2    -6.7154854674   0.001211997484       0.7381  CATC
    17      1    -6.8394840647   0.001070655646       0.6520  CCAC
    18     65    -2.2800570189   0.102278374750      62.2875  CCCC
    19      1    -6.9121466651   0.000995618242       0.6063  CCGC
    20      1    -5.1778716757   0.005639997393       3.4348  CCTC
    21      2    -6.5074141924   0.001492333626       0.9088  CGAC
    22      7    -5.3812762192   0.004601945090       2.8026  CGGC
    23      1   -10.7111974699   0.000022293900       0.0136  CGGG
    24      3    -5.3415667699   0.004788362568       2.9161  CTCC
    25     16    -3.8911301045   0.020422253712      12.4372  CTTC
    26      1    -1.4674449578   0.230513705656     140.3828  G--G
    27     10    -3.9434132121   0.019381947020      11.8036  GAAG
    28      1   -10.1988961007   0.000037211374       0.0227  GAAT
    29      5    -5.0163585528   0.006628620586       4.0368  GAGG
    30      3    -6.1869148416   0.002056160559       1.2522  GATG
    31     11    -4.8876243117   0.007539312272       4.5914  GGAG
    32      1    -6.6475035949   0.001297256544       0.7900  GGCG
    33      1    -8.5440229913   0.000194705384       0.1186  GGGA
    34     94    -1.8148415056   0.162863719339      99.1840  GGGG
    35      1    -6.2996636737   0.001836922478       1.1187  GTAG
    36      3    -4.3946028574   0.012343781594       7.5174  GTTG
    37     18    -4.4301076913   0.011913206655       7.2551  TAAT
    38      4    -5.6485228258   0.003522716600       2.1453  TAGT
    39      3    -5.6183143487   0.003630756143       2.2111  TATT
    40      1    -6.5957571740   0.001366152104       0.8320  TCAT
    41      3    -4.0992201052   0.016585605387      10.1006  TCCT
    42      3    -4.7352557179   0.008780203290       5.3471  TCTT
    43      5    -5.6485228258   0.003522716600       2.1453  TGAT
    44      6    -4.5253084746   0.010831372718       6.5963  TGGT
    45      2    -5.6909769490   0.003376292892       2.0562  TGTT
    46      6    -5.4385717217   0.004345685689       2.6465  TTAT
    47      3    -4.6423974037   0.009634571959       5.8675  TTCT
    48    164    -1.2844213792   0.276810705736     168.5777  TTTT