

TREE #  1
   1   1536.64531 x   0.35800  0.07842  0.11009  0.00267  0.00237  3.61624  0.42085
   2   1536.53796 x   0.37178  0.08164  0.11073  0.00284  0.00230  3.72040  0.38893
   3   1536.49418 x   0.38446  0.08208  0.11242  0.00290  0.00228  3.80223  0.37269
   4   1536.46705 x   0.39380  0.08217  0.11389  0.00290  0.00228  3.87536  0.35955
   5   1536.45308 x   0.40072  0.08237  0.11489  0.00290  0.00228  3.92919  0.35060
   6   1536.44572 x   0.40587  0.08252  0.11562  0.00290  0.00228  3.96914  0.34436
   7   1536.44179 x   0.40970  0.08261  0.11618  0.00289  0.00228  3.99878  0.33992
   8   1536.43967 x   0.41255  0.08270  0.11657  0.00289  0.00228  4.02071  0.33673
   9   1536.43852 x   0.41467  0.08276  0.11687  0.00289  0.00229  4.03704  0.33441
  10   1536.43789 x   0.41625  0.08282  0.11708  0.00289  0.00229  4.04919  0.33271
  11   1536.43754 x   0.41743  0.08285  0.11725  0.00289  0.00229  4.05825  0.33147
  12   1536.43735 x   0.41831  0.08287  0.11737  0.00289  0.00229  4.06499  0.33054
  13   1536.43724 x   0.41896  0.08289  0.11747  0.00289  0.00229  4.07000  0.32986
  14   1536.43719 x   0.41945  0.08291  0.11753  0.00289  0.00229  4.07373  0.32936
  15   1536.43715 x   0.41981  0.08292  0.11758  0.00289  0.00229  4.07651  0.32898
  16   1536.43714 x   0.42008  0.08293  0.11762  0.00289  0.00229  4.07857  0.32871
  17   1536.43713 x   0.42028  0.08293  0.11765  0.00289  0.00229  4.08011  0.32850
  18   1536.43712 x   0.42043  0.08293  0.11767  0.00289  0.00229  4.08125  0.32835
  19   1536.43712 x   0.42054  0.08294  0.11769  0.00289  0.00229  4.08210  0.32823
  20   1536.43712 x   0.42062  0.08294  0.11769  0.00289  0.00229  4.08273  0.32815
  21   1536.43712 x   0.42068  0.08294  0.11770  0.00289  0.00229  4.08317  0.32809
  22   1536.43712 x   0.42072  0.08294  0.11771  0.00289  0.00229  4.08351  0.32804
  23   1536.43712 x   0.42075  0.08294  0.11771  0.00289  0.00229  4.08376  0.32801
  24   1536.43712 x   0.42078  0.08294  0.11772  0.00289  0.00229  4.08395  0.32798
  25   1536.43712 x   0.42080  0.08294  0.11772  0.00289  0.00229  4.08410  0.32796
