     1    609     48


 1

     1      9     0.0000000000   1.000000000000     609.0000  ----
     2      6    -1.3892813486   0.249254367278     151.7959  ---A
     3      5    -1.8609958423   0.155517682147      94.7103  ---C
     4      6    -1.0121336484   0.363442692799     221.3366  ---T
     5     95    -1.7296998208   0.177337635045     107.9986  AAAA
     6      4    -4.8416686880   0.007893870648       4.8074  AAGA
     7      3    -5.6789577874   0.003417117951       2.0810  AATA
     8      1    -6.0658167424   0.002320861694       1.4134  ACTA
     9      7    -4.9642969486   0.006982858292       4.2526  AGAA
    10     10    -3.9611609743   0.019040995348      11.5960  AGGA
    11      4    -5.8846711168   0.002781760949       1.6941  ATAA
    12      1    -6.2988299547   0.001838454594       1.1196  ATGA
    13      4    -4.3213177147   0.013282369633       8.0890  ATTA
    14      4    -5.2861572160   0.005061171929       3.0823  CAAC
    15      2    -6.5073303504   0.001492458751       0.9089  CAGC
    16      2    -6.7154821817   0.001212001466       0.7381  CATC
    17      1    -6.8395604864   0.001070573828       0.6520  CCAC
    18     65    -2.2800524933   0.102278837625      62.2878  CCCC
    19      1    -6.9122230868   0.000995542158       0.6063  CCGC
    20      1    -5.1778946174   0.005639868003       3.4347  CCTC
    21      2    -6.5073303504   0.001492458751       0.9089  CGAC
    22      7    -5.3812952218   0.004601857642       2.8025  CGGC
    23      1   -10.7113148523   0.000022291283       0.0136  CGGG
    24      3    -5.3416059330   0.004788175044       2.9160  CTCC
    25     16    -3.8911288995   0.020422278321      12.4372  CTTC
    26      1    -1.4674449862   0.230513699098     140.3828  G--G
    27     10    -3.9434147202   0.019381917790      11.8036  GAAG
    28      1   -10.1989338038   0.000037209971       0.0227  GAAT
    29      5    -5.0163743749   0.006628515708       4.0368  GAGG
    30      3    -6.1868908907   0.002056209806       1.2522  GATG
    31     11    -4.8876297728   0.007539271100       4.5914  GGAG
    32      1    -6.6475589518   0.001297184734       0.7900  GGCG
    33      1    -8.5440638407   0.000194697431       0.1186  GGGA
    34     94    -1.8148386606   0.162864182687      99.1843  GGGG
    35      1    -6.2996595863   0.001836929987       1.1187  GTAG
    36      3    -4.3946089096   0.012343706887       7.5173  GTTG
    37     18    -4.4301237457   0.011913015397       7.2550  TAAT
    38      4    -5.6484380535   0.003523015241       2.1455  TAGT
    39      3    -5.6183693672   0.003630556389       2.2110  TATT
    40      1    -6.5957341704   0.001366183531       0.8320  TCAT
    41      3    -4.0992302374   0.016585437339      10.1005  TCCT
    42      3    -4.7352541314   0.008780217220       5.3472  TCTT
    43      5    -5.6484380535   0.003523015241       2.1455  TGAT
    44      6    -4.5253268274   0.010831173934       6.5962  TGGT
    45      2    -5.6910319676   0.003376107138       2.0560  TGTT
    46      6    -5.4386059499   0.004345536947       2.6464  TTAT
    47      3    -4.6423899316   0.009634643951       5.8675  TTCT
    48    164    -1.2844196399   0.276811187198     168.5780  TTTT