

TREE #  1

  0  0.0000   1537.776670  x:  0.33056   0.08733   0.11253   0.00281   0.00271   4.15800   0.52692  
  1 99.0000   1537.760789  x:  0.33060   0.08717   0.11238   0.00277   0.00227   4.15799   0.52686  
  2 60.5775   1537.741804  x:  0.33077   0.08657   0.11182   0.00335   0.00194   4.15794   0.52663  
  3 54.7386   1537.600798  x:  0.33268   0.07982   0.10548   0.00303   0.00218   4.15746   0.52387  
  4 66.5382   1536.607201  x:  0.41644   0.09825   0.10057   0.00302   0.00234   4.12054   0.33723  
  5  8.6894   1536.490883  x:  0.42766   0.09019   0.11172   0.00302   0.00236   4.11530   0.30997  
  6 29.6782   1536.473896  x:  0.43967   0.08905   0.11442   0.00303   0.00239   4.11287   0.31115  
  7  3.0791   1536.438925  x:  0.41613   0.08337   0.11684   0.00296   0.00231   4.03605   0.33107  
  8  0.2006   1536.437262  x:  0.42020   0.08300   0.11748   0.00288   0.00227   4.07087   0.32891  
  9  0.0311   1536.437119  x:  0.42065   0.08291   0.11769   0.00289   0.00229   4.08360   0.32816  
 10  0.0102   1536.437115  x:  0.42088   0.08295   0.11772   0.00289   0.00229   4.08468   0.32789  
 11  0.0010   1536.437115  x:  0.42087   0.08294   0.11773   0.00289   0.00229   4.08457   0.32790  
 12  0.0001   1536.437115  x:  0.42087   0.08294   0.11773   0.00289   0.00229   4.08458   0.32790  
 13  0.0000   1536.437115  x:  0.42087   0.08294   0.11773   0.00289   0.00229   4.08458   0.32790  